NUMBER 1 y 36 : 1
BLOCK YELLOW 1 1 .306 1 2 pts 1 33
BLOCK DARK_PURPLE .588 .169 .588 1 2 pts 1 31
BLOCK GREEN .447 1 .447 1 2 pts 1 29
BLOCK YELLOW 1 1 .306 1 2 pts 1 27
BORDER 0.500000 34.250000  0.500000 32.000000  0.500000 30.000000  0.500000 28.000000  0.500000 26.000000 
BORDER 1.500000 34.250000  1.500000 32.000000  1.500000 30.000000  1.500000 28.000000  1.500000 26.000000 
BOTTOM YELLOW 1 1 .306 pts 0.500000 26.000000  0.750000 25.000000  1.250000 25.000000  1.500000 26.000000 
NUMBER 3 y 36 : 2
BLOCK LIGHT_BLUE .369 .878 1 1 2 pts 3 33
BLOCK LIGHT_PURPLE .8 .6 1 1 2 pts 3 31
BLOCK LIGHT_BLUE .369 .878 1 1 2 pts 3 29
BLOCK PINK 1 .761 .8 1 2 pts 3 27
BORDER 2.500000 34.250000  2.500000 32.000000  2.500000 30.000000  2.500000 28.000000  2.500000 26.000000 
BORDER 3.500000 34.250000  3.500000 32.000000  3.500000 30.000000  3.500000 28.000000  3.500000 26.000000 
BOTTOM PINK 1 .761 .8 pts 2.500000 26.000000  2.750000 25.000000  3.250000 25.000000  3.500000 26.000000 
NUMBER 5 y 36 : 3
BLOCK LIGHT_BLUE .369 .878 1 1 2 pts 5 33
BLOCK GREEN .447 1 .447 1 2 pts 5 31
BLOCK LIGHT_BLUE .369 .878 1 1 2 pts 5 29
BLOCK DARK_PURPLE .588 .169 .588 1 2 pts 5 27
BORDER 4.500000 34.250000  4.500000 32.000000  4.500000 30.000000  4.500000 28.000000  4.500000 26.000000 
BORDER 5.500000 34.250000  5.500000 32.000000  5.500000 30.000000  5.500000 28.000000  5.500000 26.000000 
BOTTOM DARK_PURPLE .588 .169 .588 pts 4.500000 26.000000  4.750000 25.000000  5.250000 25.000000  5.500000 26.000000 
NUMBER 7 y 36 : 4
BLOCK PINK 1 .761 .8 1 2 pts 7 33
BLOCK YELLOW 1 1 .306 1 2 pts 7 31
BLOCK GREEN .447 1 .447 1 2 pts 7 29
BLOCK LIGHT_PURPLE .8 .6 1 1 2 pts 7 27
BORDER 6.500000 34.250000  6.500000 32.000000  6.500000 30.000000  6.500000 28.000000  6.500000 26.000000 
BORDER 7.500000 34.250000  7.500000 32.000000  7.500000 30.000000  7.500000 28.000000  7.500000 26.000000 
BOTTOM LIGHT_PURPLE .8 .6 1 pts 6.500000 26.000000  6.750000 25.000000  7.250000 25.000000  7.500000 26.000000 
NUMBER 1 y 20 : 5
BLOCK YELLOW 1 1 .306 1 2 pts 1 17
BLOCK LIGHT_PURPLE .8 .6 1 1 2 pts 1 15
BLOCK GREEN .447 1 .447 1 2 pts 1 13
BLOCK DARK_PURPLE .588 .169 .588 1 2 pts 1 11
BORDER 0.500000 18.250000  0.500000 16.000000  0.500000 14.000000  0.500000 12.000000  0.500000 10.000000 
BORDER 1.500000 18.250000  1.500000 16.000000  1.500000 14.000000  1.500000 12.000000  1.500000 10.000000 
BOTTOM DARK_PURPLE .588 .169 .588 pts 0.500000 10.000000  0.750000 9.000000  1.250000 9.000000  1.500000 10.000000 
NUMBER 3 y 20 : 6
BLOCK PINK 1 .761 .8 1 2 pts 3 17
BLOCK DARK_PURPLE .588 .169 .588 1 2 pts 3 15
BLOCK PINK 1 .761 .8 1 2 pts 3 13
BLOCK LIGHT_PURPLE .8 .6 1 1 2 pts 3 11
BORDER 2.500000 18.250000  2.500000 16.000000  2.500000 14.000000  2.500000 12.000000  2.500000 10.000000 
BORDER 3.500000 18.250000  3.500000 16.000000  3.500000 14.000000  3.500000 12.000000  3.500000 10.000000 
BOTTOM LIGHT_PURPLE .8 .6 1 pts 2.500000 10.000000  2.750000 9.000000  3.250000 9.000000  3.500000 10.000000 
NUMBER 5 y 20 : 7
BLOCK EMPTY .894 .918 .941 1 2 pts 5 17
BLOCK EMPTY .894 .918 .941 1 2 pts 5 15
BLOCK EMPTY .894 .918 .941 1 2 pts 5 13
BLOCK EMPTY .894 .918 .941 1 2 pts 5 11
BORDER 4.500000 18.250000  4.500000 16.000000  4.500000 14.000000  4.500000 12.000000  4.500000 10.000000 
BORDER 5.500000 18.250000  5.500000 16.000000  5.500000 14.000000  5.500000 12.000000  5.500000 10.000000 
BOTTOM EMPTY .894 .918 .941 pts 4.500000 10.000000  4.750000 9.000000  5.250000 9.000000  5.500000 10.000000 
NUMBER 7 y 20 : 8
BLOCK EMPTY .894 .918 .941 1 2 pts 7 17
BLOCK EMPTY .894 .918 .941 1 2 pts 7 15
BLOCK EMPTY .894 .918 .941 1 2 pts 7 13
BLOCK EMPTY .894 .918 .941 1 2 pts 7 11
BORDER 6.500000 18.250000  6.500000 16.000000  6.500000 14.000000  6.500000 12.000000  6.500000 10.000000 
BORDER 7.500000 18.250000  7.500000 16.000000  7.500000 14.000000  7.500000 12.000000  7.500000 10.000000 
BOTTOM EMPTY .894 .918 .941 pts 6.500000 10.000000  6.750000 9.000000  7.250000 9.000000  7.500000 10.000000 
